true,restored,edge_type
"['10.1016/j.bse.2006.06.007', 'N/A/SP']","['10.1016/j.bse.2006.06.007', ['Ibate/SP', 'Corumba/MS', 'Maues/AM', 'Ibirama/SC', 'Araraquara/SP', 'Manaus/AM', 'Goiania/GO', 'N/A/ES', 'Mogi Guacu/SP', 'Rio Verde/GO', 'Campinas/SP', 'Pocos De Caldas/MG', 'Cordeiropolis/SP', 'Sao Carlos/SP', 'Belem/PA', 'Londrina/PR', 'Vicosa/MG', 'Sao Paulo/SP', 'Peruibe/SP', 'N/A/SP', 'N/A/MS', 'Ribeirao Preto/SP', 'Chapada Dos Guimaraes/MT', 'Lavras/MG', 'Apore/GO', 'Ribeirao Preto/SP, Nigrospora sphaerica', 'Murici/AL', 'Iguape/SP', 'Sao Miguel Arcanjo/SP', 'Itacoatiara/AM', 'N/A/MG', 'N/A/AM', 'Rio De Janeiro/RJ', 'Cunha/SP', 'Pirenopolis/GO', 'Rio Claro/SP', 'Piracicaba/SP', 'Pocos De Caldas/MG, Lonchocarpus atropurpureus', 'Recife/PE', 'Itaituba/PA', 'N/A/PE', 'Teodoro Sampaio/SP', 'Cuiaba/MT', 'Igarape-acu/PA', 'Sao Sebastiao Do Passe/BA', 'Santarem/PA', 'N/A/SP, Cedrela fissilis', 'Urucuca/BA', 'N/A/CE', 'Itirapina/SP', 'Rifaina/SP']]",doi_collectionSite
"['10.1021/np9004079', 'Campinas/SP']","['10.1021/np9004079', ['Pocos De Caldas/MG', 'N/A/ES', 'Vicosa/MG', 'Sao Paulo/SP', 'Mogi Guacu/SP', 'Belem/PA', 'Araraquara/SP', 'Sao Carlos/SP', 'Sao Miguel Arcanjo/SP', 'N/A/MG', 'Ibirama/SC', 'Campinas/SP', 'Pocos De Caldas/MG, Lonchocarpus atropurpureus', 'Ribeirao Preto/SP', 'Peruibe/SP', 'Rio Claro/SP', 'Ibate/SP', 'Manaus/AM', 'Maues/AM', 'Ribeirao Preto/SP, Nigrospora sphaerica', 'Londrina/PR', 'Apore/GO', 'N/A/PE', 'Teodoro Sampaio/SP', 'Murici/AL', 'Cordeiropolis/SP', 'Chapada Dos Guimaraes/MT', 'N/A/SP', 'Recife/PE', 'Sao Sebastiao Do Passe/BA', 'Cuiaba/MT', 'Itacoatiara/AM', 'N/A/AM', 'Goiania/GO', 'Igarape-acu/PA', 'Lavras/MG', 'Corumba/MS', 'N/A/MS', 'Rio Verde/GO', 'Rio De Janeiro/RJ', 'Itaituba/PA', 'Santarem/PA', 'Piracicaba/SP', 'Pirenopolis/GO', 'Iguape/SP', 'Cunha/SP', 'N/A/SP, Cedrela fissilis', 'Urucuca/BA', 'N/A/CE', 'Itirapina/SP', 'Rifaina/SP']]",doi_collectionSite
"['10.1016/j.phytochem.2006.09.005', 'Araraquara/SP']","['10.1016/j.phytochem.2006.09.005', ['Mogi Guacu/SP', 'N/A/ES', 'Araraquara/SP', 'Ibate/SP', 'Belem/PA', 'Vicosa/MG', 'Ibirama/SC', 'Sao Paulo/SP', 'Peruibe/SP', 'Campinas/SP', 'Manaus/AM', 'Sao Carlos/SP', 'N/A/MG', 'Pocos De Caldas/MG', 'Sao Miguel Arcanjo/SP', 'Teodoro Sampaio/SP', 'Cordeiropolis/SP', 'N/A/PE', 'Apore/GO', 'Maues/AM', 'Rio Claro/SP', 'Ribeirao Preto/SP', 'Goiania/GO', 'Londrina/PR', 'Murici/AL', 'Ribeirao Preto/SP, Nigrospora sphaerica', 'Pocos De Caldas/MG, Lonchocarpus atropurpureus', 'Recife/PE', 'Igarape-acu/PA', 'N/A/SP', 'Sao Sebastiao Do Passe/BA', 'Cuiaba/MT', 'Itacoatiara/AM', 'Chapada Dos Guimaraes/MT', 'N/A/MS', 'N/A/AM', 'Corumba/MS', 'Rio Verde/GO', 'Rio De Janeiro/RJ', 'Lavras/MG', 'Itaituba/PA', 'Santarem/PA', 'Pirenopolis/GO', 'Piracicaba/SP', 'Iguape/SP', 'Cunha/SP', 'N/A/SP, Cedrela fissilis', 'Urucuca/BA', 'N/A/CE', 'Itirapina/SP', 'Rifaina/SP']]",doi_collectionSite
"['10.1590/S0103-50532006000300017', 'Sao Carlos/SP']","['10.1590/S0103-50532006000300017', ['Maues/AM', 'Londrina/PR', 'Ibirama/SC', 'Vicosa/MG', 'N/A/ES', 'Ribeirao Preto/SP', 'Sao Carlos/SP', 'Pocos De Caldas/MG', 'Mogi Guacu/SP', 'Manaus/AM', 'Araraquara/SP', 'Rio Verde/GO', 'Belem/PA', 'Sao Paulo/SP', 'Ribeirao Preto/SP, Nigrospora sphaerica', 'Campinas/SP', 'Rio Claro/SP', 'Piracicaba/SP', 'Ibate/SP', 'Itacoatiara/AM', 'N/A/MG', 'N/A/SP', 'Itaituba/PA', 'Sao Miguel Arcanjo/SP', 'Apore/GO', 'Pocos De Caldas/MG, Lonchocarpus atropurpureus', 'Murici/AL', 'Cordeiropolis/SP', 'Peruibe/SP', 'Pirenopolis/GO', 'N/A/PE', 'Cuiaba/MT', 'N/A/AM', 'Chapada Dos Guimaraes/MT', 'Sao Sebastiao Do Passe/BA', 'Teodoro Sampaio/SP', 'N/A/MS', 'Corumba/MS', 'Iguape/SP', 'Goiania/GO', 'Lavras/MG', 'Igarape-acu/PA', 'Recife/PE', 'Rio De Janeiro/RJ', 'Santarem/PA', 'Cunha/SP', 'N/A/SP, Cedrela fissilis', 'Urucuca/BA', 'N/A/CE', 'Itirapina/SP', 'Rifaina/SP']]",doi_collectionSite
"['10.2174/187152010794728620', 'Vicosa/MG']","['10.2174/187152010794728620', ['Rio Claro/SP', 'Sao Paulo/SP', 'Campinas/SP', 'Vicosa/MG', 'N/A/ES', 'Sao Carlos/SP', 'Pocos De Caldas/MG', 'Araraquara/SP', 'Mogi Guacu/SP', 'Sao Miguel Arcanjo/SP', 'Ibirama/SC', 'Ribeirao Preto/SP', 'Chapada Dos Guimaraes/MT', 'N/A/PE', 'Sao Sebastiao Do Passe/BA', 'N/A/MG', 'N/A/SP', 'Manaus/AM', 'Peruibe/SP', 'Belem/PA', 'Ribeirao Preto/SP, Nigrospora sphaerica', 'Cordeiropolis/SP', 'Itacoatiara/AM', 'Ibate/SP', 'Londrina/PR', 'Apore/GO', 'Rio Verde/GO', 'Recife/PE', 'Maues/AM', 'Pocos De Caldas/MG, Lonchocarpus atropurpureus', 'Teodoro Sampaio/SP', 'Murici/AL', 'Lavras/MG', 'N/A/MS', 'Igarape-acu/PA', 'Goiania/GO', 'Cuiaba/MT', 'N/A/AM', 'Rio De Janeiro/RJ', 'Corumba/MS', 'Itaituba/PA', 'Piracicaba/SP', 'Pirenopolis/GO', 'Cunha/SP', 'Iguape/SP', 'Santarem/PA', 'N/A/SP, Cedrela fissilis', 'Urucuca/BA', 'N/A/CE', 'Itirapina/SP', 'Rifaina/SP']]",doi_collectionSite
"['10.1590/S0103-50532003000300007', 'Urucuca/BA']","['10.1590/S0103-50532003000300007', ['Maues/AM', 'Londrina/PR', 'N/A/ES', 'Vicosa/MG', 'Belem/PA', 'Mogi Guacu/SP', 'Ibirama/SC', 'Ribeirao Preto/SP', 'Sao Carlos/SP', 'Araraquara/SP', 'Pocos De Caldas/MG', 'Sao Paulo/SP', 'Campinas/SP', 'Manaus/AM', 'Ibate/SP', 'N/A/MG', 'Ribeirao Preto/SP, Nigrospora sphaerica', 'Rio Claro/SP', 'Sao Miguel Arcanjo/SP', 'Peruibe/SP', 'Apore/GO', 'Teodoro Sampaio/SP', 'Itacoatiara/AM', 'Pocos De Caldas/MG, Lonchocarpus atropurpureus', 'Murici/AL', 'Cordeiropolis/SP', 'N/A/SP', 'N/A/PE', 'Igarape-acu/PA', 'Cuiaba/MT', 'Itaituba/PA', 'N/A/AM', 'Chapada Dos Guimaraes/MT', 'Goiania/GO', 'Sao Sebastiao Do Passe/BA', 'Recife/PE', 'Corumba/MS', 'Rio Verde/GO', 'Piracicaba/SP', 'Rio De Janeiro/RJ', 'Pirenopolis/GO', 'N/A/MS', 'Santarem/PA', 'Lavras/MG', 'Iguape/SP', 'Cunha/SP', 'N/A/SP, Cedrela fissilis', 'Urucuca/BA', 'N/A/CE', 'Itirapina/SP', 'Rifaina/SP']]",doi_collectionSite
"['10.1016/j.phytochem.2005.04.043', 'Araraquara/SP']","['10.1016/j.phytochem.2005.04.043', ['Ibate/SP', 'Araraquara/SP', 'Ibirama/SC', 'Mogi Guacu/SP', 'Manaus/AM', 'N/A/ES', 'Belem/PA', 'Vicosa/MG', 'Pocos De Caldas/MG', 'Sao Paulo/SP', 'Sao Carlos/SP', 'Campinas/SP', 'N/A/MG', 'Goiania/GO', 'Apore/GO', 'Maues/AM', 'Teodoro Sampaio/SP', 'Peruibe/SP', 'Cordeiropolis/SP', 'Ribeirao Preto/SP', 'Murici/AL', 'Pocos De Caldas/MG, Lonchocarpus atropurpureus', 'Sao Miguel Arcanjo/SP', 'N/A/PE', 'Londrina/PR', 'Corumba/MS', 'Rio Claro/SP', 'Ribeirao Preto/SP, Nigrospora sphaerica', 'N/A/SP', 'Recife/PE', 'N/A/MS', 'Itacoatiara/AM', 'Sao Sebastiao Do Passe/BA', 'Chapada Dos Guimaraes/MT', 'N/A/AM', 'Rio De Janeiro/RJ', 'Igarape-acu/PA', 'Cuiaba/MT', 'Rio Verde/GO', 'Lavras/MG', 'Iguape/SP', 'Santarem/PA', 'Itaituba/PA', 'Pirenopolis/GO', 'Piracicaba/SP', 'Cunha/SP', 'N/A/SP, Cedrela fissilis', 'Urucuca/BA', 'N/A/CE', 'Itirapina/SP', 'Rifaina/SP']]",doi_collectionSite
"['10.1016/j.bmc.2010.12.056', 'Campinas/SP']","['10.1016/j.bmc.2010.12.056', ['Sao Paulo/SP', 'N/A/ES', 'Vicosa/MG', 'Ibirama/SC', 'Mogi Guacu/SP', 'Araraquara/SP', 'Pocos De Caldas/MG', 'Campinas/SP', 'Belem/PA', 'N/A/MG', 'Sao Carlos/SP', 'Sao Miguel Arcanjo/SP', 'Ibate/SP', 'Manaus/AM', 'Rio Claro/SP', 'Ribeirao Preto/SP, Nigrospora sphaerica', 'N/A/SP', 'Ribeirao Preto/SP', 'Londrina/PR', 'Peruibe/SP', 'Maues/AM', 'N/A/PE', 'Teodoro Sampaio/SP', 'Apore/GO', 'Pocos De Caldas/MG, Lonchocarpus atropurpureus', 'Cordeiropolis/SP', 'Chapada Dos Guimaraes/MT', 'Sao Sebastiao Do Passe/BA', 'Itacoatiara/AM', 'Murici/AL', 'Goiania/GO', 'Recife/PE', 'Cuiaba/MT', 'Rio Verde/GO', 'Igarape-acu/PA', 'N/A/AM', 'Corumba/MS', 'Lavras/MG', 'N/A/MS', 'Rio De Janeiro/RJ', 'Itaituba/PA', 'Piracicaba/SP', 'Pirenopolis/GO', 'Santarem/PA', 'Iguape/SP', 'Cunha/SP', 'N/A/SP, Cedrela fissilis', 'Urucuca/BA', 'N/A/CE', 'Itirapina/SP', 'Rifaina/SP']]",doi_collectionSite
"['10.1590/S0102-695X2010005000017', 'Sao Paulo/SP']","['10.1590/S0102-695X2010005000017', ['N/A/ES', 'Vicosa/MG', 'Sao Carlos/SP', 'Mogi Guacu/SP', 'Ribeirao Preto/SP', 'Araraquara/SP', 'Pocos De Caldas/MG', 'Campinas/SP', 'Sao Paulo/SP', 'Ibirama/SC', 'Maues/AM', 'Manaus/AM', 'Ibate/SP', 'Peruibe/SP', 'Belem/PA', 'Ribeirao Preto/SP, Nigrospora sphaerica', 'Rio Claro/SP', 'Londrina/PR', 'Sao Miguel Arcanjo/SP', 'N/A/MG', 'Chapada Dos Guimaraes/MT', 'Itacoatiara/AM', 'N/A/SP', 'Apore/GO', 'Goiania/GO', 'Cordeiropolis/SP', 'Teodoro Sampaio/SP', 'N/A/PE', 'Sao Sebastiao Do Passe/BA', 'N/A/AM', 'Pocos De Caldas/MG, Lonchocarpus atropurpureus', 'Igarape-acu/PA', 'Murici/AL', 'Rio Verde/GO', 'Recife/PE', 'Corumba/MS', 'Itaituba/PA', 'Lavras/MG', 'Piracicaba/SP', 'Cuiaba/MT', 'N/A/MS', 'Pirenopolis/GO', 'Rio De Janeiro/RJ', 'Iguape/SP', 'Cunha/SP', 'Santarem/PA', 'N/A/SP, Cedrela fissilis', 'Urucuca/BA', 'N/A/CE', 'Itirapina/SP', 'Rifaina/SP']]",doi_collectionSite
"['10.1016/0040-4020(95)00254-6', 'Sao Paulo/SP']","['10.1016/0040-4020(95)00254-6', ['Mogi Guacu/SP', 'N/A/ES', 'Vicosa/MG', 'Sao Paulo/SP', 'Araraquara/SP', 'N/A/MG', 'Ibirama/SC', 'Sao Carlos/SP', 'Belem/PA', 'Campinas/SP', 'Pocos De Caldas/MG', 'Manaus/AM', 'Ibate/SP', 'Murici/AL', 'Peruibe/SP', 'Sao Miguel Arcanjo/SP', 'Teodoro Sampaio/SP', 'Pocos De Caldas/MG, Lonchocarpus atropurpureus', 'Ribeirao Preto/SP', 'Cordeiropolis/SP', 'N/A/PE', 'Rio Claro/SP', 'Apore/GO', 'N/A/MS', 'Recife/PE', 'Igarape-acu/PA', 'Londrina/PR', 'Maues/AM', 'Sao Sebastiao Do Passe/BA', 'Rio De Janeiro/RJ', 'Goiania/GO', 'Ribeirao Preto/SP, Nigrospora sphaerica', 'N/A/AM', 'Chapada Dos Guimaraes/MT', 'Corumba/MS', 'Itacoatiara/AM', 'Lavras/MG', 'N/A/SP', 'Cuiaba/MT', 'Rio Verde/GO', 'Santarem/PA', 'Iguape/SP', 'Itaituba/PA', 'Pirenopolis/GO', 'Piracicaba/SP', 'Cunha/SP', 'N/A/SP, Cedrela fissilis', 'Urucuca/BA', 'N/A/CE', 'Itirapina/SP', 'Rifaina/SP']]",doi_collectionSite
"['10.1021/np50086a012', 'N/A/MG']","['10.1021/np50086a012', ['N/A/MG', 'Vicosa/MG', 'Mogi Guacu/SP', 'N/A/ES', 'Belem/PA', 'Sao Paulo/SP', 'Araraquara/SP', 'Ibirama/SC', 'Sao Carlos/SP', 'Campinas/SP', 'Igarape-acu/PA', 'Sao Miguel Arcanjo/SP', 'Peruibe/SP', 'Teodoro Sampaio/SP', 'Pocos De Caldas/MG', 'Ibate/SP', 'Manaus/AM', 'Londrina/PR', 'Ribeirao Preto/SP', 'Rio Claro/SP', 'N/A/PE', 'Maues/AM', 'Apore/GO', 'Cordeiropolis/SP', 'N/A/AM', 'Cuiaba/MT', 'Ribeirao Preto/SP, Nigrospora sphaerica', 'Recife/PE', 'Pocos De Caldas/MG, Lonchocarpus atropurpureus', 'Rio De Janeiro/RJ', 'Murici/AL', 'N/A/SP', 'N/A/MS', 'Itacoatiara/AM', 'Sao Sebastiao Do Passe/BA', 'Corumba/MS', 'Goiania/GO', 'Chapada Dos Guimaraes/MT', 'Rio Verde/GO', 'Lavras/MG', 'Santarem/PA', 'Itaituba/PA', 'Piracicaba/SP', 'Pirenopolis/GO', 'Iguape/SP', 'Cunha/SP', 'N/A/SP, Cedrela fissilis', 'Urucuca/BA', 'N/A/CE', 'Itirapina/SP', 'Rifaina/SP']]",doi_collectionSite
"['10.1055/s-2002-36346', 'Recife/PE']","['10.1055/s-2002-36346', ['Mogi Guacu/SP', 'N/A/ES', 'Sao Paulo/SP', 'Vicosa/MG', 'Araraquara/SP', 'Peruibe/SP', 'Ibirama/SC', 'Belem/PA', 'Campinas/SP', 'Sao Miguel Arcanjo/SP', 'Pocos De Caldas/MG', 'Manaus/AM', 'Ibate/SP', 'N/A/MG', 'Sao Carlos/SP', 'Apore/GO', 'Rio Claro/SP', 'Teodoro Sampaio/SP', 'Ribeirao Preto/SP', 'Ribeirao Preto/SP, Nigrospora sphaerica', 'Londrina/PR', 'Maues/AM', 'Cordeiropolis/SP', 'N/A/PE', 'Sao Sebastiao Do Passe/BA', 'Igarape-acu/PA', 'Recife/PE', 'Murici/AL', 'N/A/SP', 'Itacoatiara/AM', 'Pocos De Caldas/MG, Lonchocarpus atropurpureus', 'Corumba/MS', 'Chapada Dos Guimaraes/MT', 'Lavras/MG', 'N/A/AM', 'Cuiaba/MT', 'Goiania/GO', 'Rio Verde/GO', 'N/A/MS', 'Rio De Janeiro/RJ', 'Itaituba/PA', 'Pirenopolis/GO', 'Santarem/PA', 'Piracicaba/SP', 'Iguape/SP', 'Cunha/SP', 'N/A/SP, Cedrela fissilis', 'Urucuca/BA', 'N/A/CE', 'Itirapina/SP', 'Rifaina/SP']]",doi_collectionSite
"['10.1021/jf063451x', 'Belem/PA']","['10.1021/jf063451x', ['N/A/ES', 'Vicosa/MG', 'Mogi Guacu/SP', 'Sao Paulo/SP', 'Pocos De Caldas/MG', 'Sao Carlos/SP', 'Belem/PA', 'Araraquara/SP', 'Ibirama/SC', 'Campinas/SP', 'Rio Claro/SP', 'Manaus/AM', 'Ibate/SP', 'Sao Miguel Arcanjo/SP', 'Ribeirao Preto/SP', 'N/A/MG', 'N/A/PE', 'Peruibe/SP', 'Londrina/PR', 'Apore/GO', 'Maues/AM', 'Ribeirao Preto/SP, Nigrospora sphaerica', 'Pocos De Caldas/MG, Lonchocarpus atropurpureus', 'Cordeiropolis/SP', 'N/A/SP', 'Teodoro Sampaio/SP', 'Murici/AL', 'Sao Sebastiao Do Passe/BA', 'Itacoatiara/AM', 'Chapada Dos Guimaraes/MT', 'Recife/PE', 'Cuiaba/MT', 'Goiania/GO', 'Igarape-acu/PA', 'Rio Verde/GO', 'N/A/MS', 'Lavras/MG', 'N/A/AM', 'Rio De Janeiro/RJ', 'Corumba/MS', 'Itaituba/PA', 'Piracicaba/SP', 'Santarem/PA', 'Iguape/SP', 'Pirenopolis/GO', 'Cunha/SP', 'N/A/SP, Cedrela fissilis', 'Urucuca/BA', 'N/A/CE', 'Itirapina/SP', 'Rifaina/SP']]",doi_collectionSite
"['10.1021/np800612x', 'Sao Paulo/SP']","['10.1021/np800612x', ['Araraquara/SP', 'Belem/PA', 'N/A/ES', 'Mogi Guacu/SP', 'Ibirama/SC', 'Sao Paulo/SP', 'Vicosa/MG', 'Pocos De Caldas/MG', 'Campinas/SP', 'Chapada Dos Guimaraes/MT', 'Sao Carlos/SP', 'Ibate/SP', 'Manaus/AM', 'Peruibe/SP', 'Sao Miguel Arcanjo/SP', 'N/A/PE', 'Rio Claro/SP', 'Maues/AM', 'Ribeirao Preto/SP', 'Apore/GO', 'Ribeirao Preto/SP, Nigrospora sphaerica', 'N/A/MG', 'Cordeiropolis/SP', 'Londrina/PR', 'Goiania/GO', 'Murici/AL', 'Recife/PE', 'N/A/SP', 'Pocos De Caldas/MG, Lonchocarpus atropurpureus', 'Teodoro Sampaio/SP', 'Sao Sebastiao Do Passe/BA', 'N/A/AM', 'Igarape-acu/PA', 'Itacoatiara/AM', 'Corumba/MS', 'Cuiaba/MT', 'N/A/MS', 'Rio Verde/GO', 'Lavras/MG', 'Rio De Janeiro/RJ', 'Itaituba/PA', 'Piracicaba/SP', 'Pirenopolis/GO', 'Santarem/PA', 'Iguape/SP', 'Cunha/SP', 'N/A/SP, Cedrela fissilis', 'Urucuca/BA', 'N/A/CE', 'Itirapina/SP', 'Rifaina/SP']]",doi_collectionSite
"['10.1021/jf00030a035', 'N/A/CE']","['10.1021/jf00030a035', ['Vicosa/MG', 'N/A/ES', 'Mogi Guacu/SP', 'Sao Paulo/SP', 'Sao Carlos/SP', 'N/A/MG', 'Pocos De Caldas/MG', 'Ibirama/SC', 'Rio Claro/SP', 'Campinas/SP', 'Araraquara/SP', 'Belem/PA', 'Sao Miguel Arcanjo/SP', 'Manaus/AM', 'Ribeirao Preto/SP', 'Londrina/PR', 'Peruibe/SP', 'Ibate/SP', 'Ribeirao Preto/SP, Nigrospora sphaerica', 'N/A/PE', 'Apore/GO', 'Maues/AM', 'Igarape-acu/PA', 'Murici/AL', 'N/A/SP', 'Chapada Dos Guimaraes/MT', 'Sao Sebastiao Do Passe/BA', 'Teodoro Sampaio/SP', 'Itacoatiara/AM', 'Pocos De Caldas/MG, Lonchocarpus atropurpureus', 'Cuiaba/MT', 'Cordeiropolis/SP', 'N/A/AM', 'Recife/PE', 'N/A/MS', 'Goiania/GO', 'Lavras/MG', 'Rio De Janeiro/RJ', 'Rio Verde/GO', 'Corumba/MS', 'Itaituba/PA', 'Piracicaba/SP', 'Santarem/PA', 'Iguape/SP', 'Pirenopolis/GO', 'Cunha/SP', 'N/A/SP, Cedrela fissilis', 'Urucuca/BA', 'N/A/CE', 'Itirapina/SP', 'Rifaina/SP']]",doi_collectionSite
"['10.1590/S0100-40422008000400018', 'Sao Paulo/SP']","['10.1590/S0100-40422008000400018', ['Santarem/PA', 'Iguape/SP', 'Pirenopolis/GO', 'Cunha/SP', 'Itacoatiara/AM', 'Itaituba/PA', 'Piracicaba/SP', 'Ribeirao Preto/SP', 'Vicosa/MG', 'N/A/ES', 'Mogi Guacu/SP', 'Manaus/AM', 'Sao Carlos/SP', 'Araraquara/SP', 'Londrina/PR', 'Pocos De Caldas/MG', 'Maues/AM', 'Ibirama/SC', 'N/A/MG', 'Ibate/SP', 'Apore/GO', 'Belem/PA', 'Sao Paulo/SP', 'Teodoro Sampaio/SP', 'Ribeirao Preto/SP, Nigrospora sphaerica', 'Rio Claro/SP', 'Campinas/SP', 'Peruibe/SP', 'N/A/AM', 'Pocos De Caldas/MG, Lonchocarpus atropurpureus', 'N/A/SP', 'Sao Miguel Arcanjo/SP', 'Murici/AL', 'Corumba/MS', 'Cordeiropolis/SP', 'Igarape-acu/PA', 'Cuiaba/MT', 'N/A/PE', 'Chapada Dos Guimaraes/MT', 'Goiania/GO', 'Rio De Janeiro/RJ', 'Recife/PE', 'N/A/MS', 'Sao Sebastiao Do Passe/BA', 'Rio Verde/GO', 'Lavras/MG', 'N/A/SP, Cedrela fissilis', 'Urucuca/BA', 'N/A/CE', 'Itirapina/SP', 'Rifaina/SP']]",doi_collectionSite
"['10.1590/S0103-50532003000500012', 'Belem/PA']","['10.1590/S0103-50532003000500012', ['Vicosa/MG', 'Sao Paulo/SP', 'N/A/ES', 'Araraquara/SP', 'Mogi Guacu/SP', 'Sao Carlos/SP', 'Ibirama/SC', 'Pocos De Caldas/MG', 'Campinas/SP', 'Rio Claro/SP', 'Belem/PA', 'Peruibe/SP', 'Manaus/AM', 'Ribeirao Preto/SP', 'Sao Sebastiao Do Passe/BA', 'N/A/MG', 'Ibate/SP', 'Sao Miguel Arcanjo/SP', 'N/A/PE', 'Cordeiropolis/SP', 'Maues/AM', 'Teodoro Sampaio/SP', 'Itacoatiara/AM', 'Londrina/PR', 'N/A/SP', 'Ribeirao Preto/SP, Nigrospora sphaerica', 'Apore/GO', 'Murici/AL', 'Chapada Dos Guimaraes/MT', 'Pocos De Caldas/MG, Lonchocarpus atropurpureus', 'Recife/PE', 'Igarape-acu/PA', 'N/A/MS', 'Goiania/GO', 'Rio Verde/GO', 'Lavras/MG', 'Corumba/MS', 'N/A/AM', 'Cuiaba/MT', 'Rio De Janeiro/RJ', 'Itaituba/PA', 'Pirenopolis/GO', 'Piracicaba/SP', 'Iguape/SP', 'Santarem/PA', 'Cunha/SP', 'N/A/SP, Cedrela fissilis', 'Urucuca/BA', 'N/A/CE', 'Itirapina/SP', 'Rifaina/SP']]",doi_collectionSite
"['10.1590/S0100-40422005000400009', 'Itirapina/SP']","['10.1590/S0100-40422005000400009', ['Iguape/SP', 'Pirenopolis/GO', 'Itacoatiara/AM', 'Cunha/SP', 'Santarem/PA', 'Piracicaba/SP', 'Ribeirao Preto/SP', 'Itaituba/PA', 'Manaus/AM', 'N/A/ES', 'Vicosa/MG', 'Sao Carlos/SP', 'Mogi Guacu/SP', 'Araraquara/SP', 'Pocos De Caldas/MG', 'Ibirama/SC', 'Murici/AL', 'Londrina/PR', 'Sao Paulo/SP', 'Maues/AM', 'Cordeiropolis/SP', 'Belem/PA', 'Apore/GO', 'N/A/MG', 'Peruibe/SP', 'Campinas/SP', 'Ibate/SP', 'Teodoro Sampaio/SP', 'Rio Claro/SP', 'Pocos De Caldas/MG, Lonchocarpus atropurpureus', 'Sao Miguel Arcanjo/SP', 'Corumba/MS', 'N/A/SP', 'N/A/PE', 'Ribeirao Preto/SP, Nigrospora sphaerica', 'Sao Sebastiao Do Passe/BA', 'N/A/MS', 'N/A/AM', 'Recife/PE', 'Cuiaba/MT', 'Igarape-acu/PA', 'Rio De Janeiro/RJ', 'Rio Verde/GO', 'Goiania/GO', 'Chapada Dos Guimaraes/MT', 'Lavras/MG', 'N/A/SP, Cedrela fissilis', 'Urucuca/BA', 'N/A/CE', 'Itirapina/SP', 'Rifaina/SP']]",doi_collectionSite
"['10.1016/S0031-9422(00)00248-X', 'N/A/ES']","['10.1016/S0031-9422(00)00248-X', ['Mogi Guacu/SP', 'N/A/ES', 'Ibirama/SC', 'Vicosa/MG', 'Araraquara/SP', 'Belem/PA', 'Manaus/AM', 'Teodoro Sampaio/SP', 'Sao Paulo/SP', 'Pocos De Caldas/MG', 'Ibate/SP', 'Sao Carlos/SP', 'N/A/MG', 'Campinas/SP', 'Sao Miguel Arcanjo/SP', 'N/A/PE', 'Peruibe/SP', 'Rio Claro/SP', 'Ribeirao Preto/SP', 'Apore/GO', 'Cordeiropolis/SP', 'Londrina/PR', 'Pocos De Caldas/MG, Lonchocarpus atropurpureus', 'Maues/AM', 'Ribeirao Preto/SP, Nigrospora sphaerica', 'N/A/SP', 'Cuiaba/MT', 'Murici/AL', 'Goiania/GO', 'Sao Sebastiao Do Passe/BA', 'Recife/PE', 'Itacoatiara/AM', 'Chapada Dos Guimaraes/MT', 'Igarape-acu/PA', 'N/A/MS', 'N/A/AM', 'Corumba/MS', 'Rio De Janeiro/RJ', 'Rio Verde/GO', 'Lavras/MG', 'Itaituba/PA', 'Santarem/PA', 'Piracicaba/SP', 'Pirenopolis/GO', 'Iguape/SP', 'Cunha/SP', 'N/A/SP, Cedrela fissilis', 'Urucuca/BA', 'N/A/CE', 'Itirapina/SP', 'Rifaina/SP']]",doi_collectionSite
"['10.1021/np9703656', 'Teodoro Sampaio/SP']","['10.1021/np9703656', ['Mogi Guacu/SP', 'Araraquara/SP', 'Belem/PA', 'N/A/ES', 'Ibirama/SC', 'Vicosa/MG', 'Ibate/SP', 'Pocos De Caldas/MG', 'Sao Paulo/SP', 'Sao Carlos/SP', 'Campinas/SP', 'N/A/MG', 'Manaus/AM', 'Maues/AM', 'Apore/GO', 'Peruibe/SP', 'Sao Miguel Arcanjo/SP', 'Pocos De Caldas/MG, Lonchocarpus atropurpureus', 'Ribeirao Preto/SP', 'Londrina/PR', 'Ribeirao Preto/SP, Nigrospora sphaerica', 'N/A/PE', 'Teodoro Sampaio/SP', 'Rio Claro/SP', 'Cordeiropolis/SP', 'Murici/AL', 'Chapada Dos Guimaraes/MT', 'Goiania/GO', 'Recife/PE', 'N/A/SP', 'Igarape-acu/PA', 'N/A/AM', 'Corumba/MS', 'Cuiaba/MT', 'Rio De Janeiro/RJ', 'Sao Sebastiao Do Passe/BA', 'N/A/MS', 'Itacoatiara/AM', 'Lavras/MG', 'Rio Verde/GO', 'Itaituba/PA', 'Santarem/PA', 'Piracicaba/SP', 'Iguape/SP', 'Pirenopolis/GO', 'Cunha/SP', 'N/A/SP, Cedrela fissilis', 'Urucuca/BA', 'N/A/CE', 'Itirapina/SP', 'Rifaina/SP']]",doi_collectionSite
"['10.1007/s10295-012-1165-2', 'N/A/MS']","['10.1007/s10295-012-1165-2', ['Pocos De Caldas/MG', 'Vicosa/MG', 'N/A/ES', 'Sao Carlos/SP', 'Mogi Guacu/SP', 'Sao Paulo/SP', 'Ribeirao Preto/SP, Nigrospora sphaerica', 'Ribeirao Preto/SP', 'Araraquara/SP', 'N/A/MG', 'Ibirama/SC', 'Sao Miguel Arcanjo/SP', 'Campinas/SP', 'Rio Claro/SP', 'Apore/GO', 'Belem/PA', 'Londrina/PR', 'Manaus/AM', 'Maues/AM', 'N/A/SP', 'Ibate/SP', 'Pocos De Caldas/MG, Lonchocarpus atropurpureus', 'Teodoro Sampaio/SP', 'Peruibe/SP', 'N/A/PE', 'Chapada Dos Guimaraes/MT', 'Cordeiropolis/SP', 'Murici/AL', 'Sao Sebastiao Do Passe/BA', 'N/A/AM', 'Itacoatiara/AM', 'Recife/PE', 'Goiania/GO', 'Cuiaba/MT', 'Igarape-acu/PA', 'Lavras/MG', 'Rio Verde/GO', 'Rio De Janeiro/RJ', 'Corumba/MS', 'N/A/MS', 'Itaituba/PA', 'Piracicaba/SP', 'Pirenopolis/GO', 'Iguape/SP', 'Santarem/PA', 'Cunha/SP', 'N/A/SP, Cedrela fissilis', 'Urucuca/BA', 'N/A/CE', 'Itirapina/SP', 'Rifaina/SP']]",doi_collectionSite
"['10.1016/j.jphotobiol.2013.01.006', 'Sao Paulo/SP']","['10.1016/j.jphotobiol.2013.01.006', ['Sao Paulo/SP', 'Rio Claro/SP', 'Vicosa/MG', 'N/A/ES', 'Campinas/SP', 'Ibirama/SC', 'Mogi Guacu/SP', 'Sao Carlos/SP', 'Araraquara/SP', 'N/A/PE', 'Pocos De Caldas/MG', 'Sao Miguel Arcanjo/SP', 'Sao Sebastiao Do Passe/BA', 'Belem/PA', 'N/A/MG', 'Manaus/AM', 'Ribeirao Preto/SP', 'N/A/SP', 'Peruibe/SP', 'Cordeiropolis/SP', 'Ibate/SP', 'Londrina/PR', 'Ribeirao Preto/SP, Nigrospora sphaerica', 'Itacoatiara/AM', 'Apore/GO', 'Teodoro Sampaio/SP', 'Chapada Dos Guimaraes/MT', 'Rio Verde/GO', 'Recife/PE', 'N/A/MS', 'Murici/AL', 'Maues/AM', 'Cuiaba/MT', 'Pocos De Caldas/MG, Lonchocarpus atropurpureus', 'Lavras/MG', 'Goiania/GO', 'Igarape-acu/PA', 'N/A/AM', 'Rio De Janeiro/RJ', 'Corumba/MS', 'Itaituba/PA', 'Piracicaba/SP', 'Pirenopolis/GO', 'Iguape/SP', 'Santarem/PA', 'Cunha/SP', 'N/A/SP, Cedrela fissilis', 'Urucuca/BA', 'N/A/CE', 'Itirapina/SP', 'Rifaina/SP']]",doi_collectionSite
"['10.1590/S0100-40422006000300016', 'Ibate/SP']","['10.1590/S0100-40422006000300016', ['N/A/ES', 'Araraquara/SP', 'Mogi Guacu/SP', 'Vicosa/MG', 'Sao Carlos/SP', 'Peruibe/SP', 'Belem/PA', 'Sao Paulo/SP', 'Pocos De Caldas/MG', 'Ibirama/SC', 'Ribeirao Preto/SP', 'Manaus/AM', 'Campinas/SP', 'Ibate/SP', 'Maues/AM', 'Rio Claro/SP', 'N/A/MG', 'Itacoatiara/AM', 'Londrina/PR', 'Cordeiropolis/SP', 'Sao Miguel Arcanjo/SP', 'N/A/PE', 'Apore/GO', 'Murici/AL', 'Teodoro Sampaio/SP', 'Chapada Dos Guimaraes/MT', 'Ribeirao Preto/SP, Nigrospora sphaerica', 'Sao Sebastiao Do Passe/BA', 'Pocos De Caldas/MG, Lonchocarpus atropurpureus', 'Goiania/GO', 'Recife/PE', 'N/A/SP', 'Igarape-acu/PA', 'Corumba/MS', 'Rio Verde/GO', 'N/A/AM', 'N/A/MS', 'Lavras/MG', 'Cuiaba/MT', 'Rio De Janeiro/RJ', 'Itaituba/PA', 'Pirenopolis/GO', 'Santarem/PA', 'Piracicaba/SP', 'Iguape/SP', 'Cunha/SP', 'N/A/SP, Cedrela fissilis', 'Urucuca/BA', 'N/A/CE', 'Itirapina/SP', 'Rifaina/SP']]",doi_collectionSite
"['10.1016/j.cbi.2010.08.008', 'Sao Miguel Arcanjo/SP']","['10.1016/j.cbi.2010.08.008', ['Sao Paulo/SP', 'Vicosa/MG', 'N/A/ES', 'Araraquara/SP', 'Sao Carlos/SP', 'Mogi Guacu/SP', 'Campinas/SP', 'Rio Claro/SP', 'Pocos De Caldas/MG', 'Ibirama/SC', 'Manaus/AM', 'Sao Miguel Arcanjo/SP', 'Ribeirao Preto/SP', 'Belem/PA', 'Ibate/SP', 'N/A/MG', 'Peruibe/SP', 'N/A/PE', 'Chapada Dos Guimaraes/MT', 'Cordeiropolis/SP', 'Sao Sebastiao Do Passe/BA', 'N/A/SP', 'Itacoatiara/AM', 'Apore/GO', 'Ribeirao Preto/SP, Nigrospora sphaerica', 'Maues/AM', 'Londrina/PR', 'Rio Verde/GO', 'Murici/AL', 'Recife/PE', 'Pocos De Caldas/MG, Lonchocarpus atropurpureus', 'Lavras/MG', 'N/A/MS', 'Teodoro Sampaio/SP', 'Goiania/GO', 'N/A/AM', 'Igarape-acu/PA', 'Corumba/MS', 'Rio De Janeiro/RJ', 'Cuiaba/MT', 'Iguape/SP', 'Itaituba/PA', 'Piracicaba/SP', 'Cunha/SP', 'Pirenopolis/GO', 'Santarem/PA', 'N/A/SP, Cedrela fissilis', 'Urucuca/BA', 'N/A/CE', 'Itirapina/SP', 'Rifaina/SP']]",doi_collectionSite
"['10.1021/np060254j', 'Rifaina/SP']","['10.1021/np060254j', ['Vicosa/MG', 'Pocos De Caldas/MG', 'N/A/ES', 'Sao Paulo/SP', 'Sao Carlos/SP', 'Rio Claro/SP', 'Mogi Guacu/SP', 'Sao Miguel Arcanjo/SP', 'Araraquara/SP', 'N/A/MG', 'Ribeirao Preto/SP', 'Campinas/SP', 'Ibirama/SC', 'Pocos De Caldas/MG, Lonchocarpus atropurpureus', 'Belem/PA', 'Ribeirao Preto/SP, Nigrospora sphaerica', 'Manaus/AM', 'Londrina/PR', 'Peruibe/SP', 'N/A/SP', 'Ibate/SP', 'N/A/PE', 'Maues/AM', 'Apore/GO', 'Sao Sebastiao Do Passe/BA', 'Chapada Dos Guimaraes/MT', 'Teodoro Sampaio/SP', 'Cordeiropolis/SP', 'Murici/AL', 'Itacoatiara/AM', 'Recife/PE', 'Cuiaba/MT', 'Igarape-acu/PA', 'N/A/AM', 'Goiania/GO', 'Rio Verde/GO', 'Lavras/MG', 'N/A/MS', 'Rio De Janeiro/RJ', 'Corumba/MS', 'Itaituba/PA', 'Piracicaba/SP', 'Santarem/PA', 'Pirenopolis/GO', 'Iguape/SP', 'Cunha/SP', 'N/A/SP, Cedrela fissilis', 'Urucuca/BA', 'N/A/CE', 'Itirapina/SP', 'Rifaina/SP']]",doi_collectionSite
"['10.1248/cpb.56.407', 'Araraquara/SP']","['10.1248/cpb.56.407', ['Araraquara/SP', 'Ibate/SP', 'Sao Paulo/SP', 'N/A/ES', 'Belem/PA', 'Ibirama/SC', 'Mogi Guacu/SP', 'Vicosa/MG', 'Pocos De Caldas/MG', 'Peruibe/SP', 'Campinas/SP', 'Manaus/AM', 'Sao Carlos/SP', 'Cordeiropolis/SP', 'Pocos De Caldas/MG, Lonchocarpus atropurpureus', 'N/A/MG', 'Maues/AM', 'Sao Miguel Arcanjo/SP', 'Murici/AL', 'Apore/GO', 'Ribeirao Preto/SP', 'Londrina/PR', 'N/A/PE', 'Recife/PE', 'Rio Claro/SP', 'Lavras/MG', 'Rio Verde/GO', 'Ribeirao Preto/SP, Nigrospora sphaerica', 'Corumba/MS', 'Teodoro Sampaio/SP', 'Goiania/GO', 'Sao Sebastiao Do Passe/BA', 'N/A/MS', 'Igarape-acu/PA', 'N/A/AM', 'Itacoatiara/AM', 'N/A/SP', 'Chapada Dos Guimaraes/MT', 'Rio De Janeiro/RJ', 'Cuiaba/MT', 'Iguape/SP', 'Santarem/PA', 'Pirenopolis/GO', 'Itaituba/PA', 'Cunha/SP', 'Piracicaba/SP', 'N/A/SP, Cedrela fissilis', 'Urucuca/BA', 'N/A/CE', 'Itirapina/SP', 'Rifaina/SP']]",doi_collectionSite
"['10.1590/S0100-40422010000900005', 'Piracicaba/SP']","['10.1590/S0100-40422010000900005', ['Cunha/SP', 'Iguape/SP', 'Itacoatiara/AM', 'Pirenopolis/GO', 'Piracicaba/SP', 'Santarem/PA', 'Itaituba/PA', 'Ribeirao Preto/SP', 'Vicosa/MG', 'Sao Carlos/SP', 'Manaus/AM', 'N/A/ES', 'Mogi Guacu/SP', 'Araraquara/SP', 'Ibirama/SC', 'Pocos De Caldas/MG', 'Londrina/PR', 'Sao Paulo/SP', 'Rio Claro/SP', 'Campinas/SP', 'Maues/AM', 'N/A/SP', 'Belem/PA', 'Murici/AL', 'Ibate/SP', 'Apore/GO', 'Cordeiropolis/SP', 'N/A/MG', 'Ribeirao Preto/SP, Nigrospora sphaerica', 'Peruibe/SP', 'Corumba/MS', 'Sao Miguel Arcanjo/SP', 'Pocos De Caldas/MG, Lonchocarpus atropurpureus', 'N/A/AM', 'Sao Sebastiao Do Passe/BA', 'N/A/PE', 'Rio Verde/GO', 'N/A/MS', 'Chapada Dos Guimaraes/MT', 'Igarape-acu/PA', 'Teodoro Sampaio/SP', 'Recife/PE', 'Lavras/MG', 'Rio De Janeiro/RJ', 'Goiania/GO', 'Cuiaba/MT', 'N/A/SP, Cedrela fissilis', 'Urucuca/BA', 'N/A/CE', 'Itirapina/SP', 'Rifaina/SP']]",doi_collectionSite
"['10.1590/S0103-50532006000300017', 'N/A/SP, Cedrela fissilis']","['10.1590/S0103-50532006000300017', ['Maues/AM', 'Londrina/PR', 'Ibirama/SC', 'Vicosa/MG', 'N/A/ES', 'Ribeirao Preto/SP', 'Sao Carlos/SP', 'Pocos De Caldas/MG', 'Mogi Guacu/SP', 'Manaus/AM', 'Araraquara/SP', 'Rio Verde/GO', 'Belem/PA', 'Sao Paulo/SP', 'Ribeirao Preto/SP, Nigrospora sphaerica', 'Campinas/SP', 'Rio Claro/SP', 'Piracicaba/SP', 'Ibate/SP', 'Itacoatiara/AM', 'N/A/MG', 'N/A/SP', 'Itaituba/PA', 'Sao Miguel Arcanjo/SP', 'Apore/GO', 'Pocos De Caldas/MG, Lonchocarpus atropurpureus', 'Murici/AL', 'Cordeiropolis/SP', 'Peruibe/SP', 'Pirenopolis/GO', 'N/A/PE', 'Cuiaba/MT', 'N/A/AM', 'Chapada Dos Guimaraes/MT', 'Sao Sebastiao Do Passe/BA', 'Teodoro Sampaio/SP', 'N/A/MS', 'Corumba/MS', 'Iguape/SP', 'Goiania/GO', 'Lavras/MG', 'Igarape-acu/PA', 'Recife/PE', 'Rio De Janeiro/RJ', 'Santarem/PA', 'Cunha/SP', 'N/A/SP, Cedrela fissilis', 'Urucuca/BA', 'N/A/CE', 'Itirapina/SP', 'Rifaina/SP']]",doi_collectionSite
